1 64 34.0
5 20 20 25 25 20 30 15 20 35 35 35 50 35 50 20 35 45 45 35 40 30 45 30 40 35 35 30 40 30 30 30 30 30 35 30 45 30 30 25 15 20 35 45 50 25 20 20 15 20 30 40 45 25 25 15 10 5 15 15 25 10 20 5
16 1024 125.391
150 240 330 380 395 360 305 205 315 370 410 480 535 480 420 330 405 415 475 535 585 545 545 395 400 490 490 595 655 535 540 410 405 510 570 655 625 525 530 440 405 500 535 610 615 475 485 395 315 390 430 490 545 445 390 285 160 265 320 370 385 315 270 120
31 1984 218.442
285 515 665 700 675 705 425 245 550 685 910 980 925 980 740 485 720 830 1110 1105 1085 1130 820 610 815 935 1205 1210 1175 1130 915 725 800 925 1210 1210 1285 1180 905 740 700 895 1095 1110 1095 1070 815 700 575 760 865 890 975 990 670 490 320 605 705 740 760 720 455 285
46 2944 310.655
380 815 1000 1140 1110 950 755 370 780 1105 1410 1535 1480 1320 1100 660 1060 1295 1585 1750 1770 1570 1295 860 1170 1455 1695 1855 1860 1595 1365 1010 1090 1420 1675 1900 1950 1655 1390 1030 985 1315 1550 1745 1750 1480 1310 975 755 1110 1350 1545 1560 1275 1140 780 345 725 965 1115 1150 955 755 370
61 3904 407.857
505 1060 1300 1515 1625 1440 1085 590 1030 1515 1750 1970 2120 1895 1490 975 1350 1810 1940 2170 2230 2105 1815 1215 1500 1985 2275 2550 2485 2285 2010 1360 1555 1950 2250 2565 2495 2365 2045 1375 1360 1730 2000 2320 2275 2145 1845 1225 1130 1470 1720 1975 1965 1790 1475 970 625 1120 1345 1470 1420 1325 1045 595
76 4808 481.705
760 1260 1640 1835 1755 1650 1185 655 1335 1860 2112 2471 2440 2275 1832 1230 1660 2304 2474 2865 2718 2615 2145 1546 1848 2449 2625 2925 2748 2720 2220 1625 1785 2488 2690 2864 2774 2769 2229 1625 1790 2335 2544 2751 2652 2635 2155 1509 1365 1865 2123 2390 2371 2297 1757 1120 780 1340 1615 1740 1673 1580 1080 565
91 4989 510.516
733 1345 1765 1982 1919 1652 1284 670 1384 1877 2271 2518 2464 2330 1968 1359 1867 2343 2644 2897 2805 2654 2246 1772 1997 2390 2747 2935 2975 2835 2466 1972 1994 2465 2722 2865 3086 2867 2524 1981 1876 2251 2674 2690 2913 2637 2309 1775 1492 1993 2412 2368 2581 2209 1999 1478 756 1410 1884 1853 1913 1726 1350 760
106 5034 506.554
715 1308 1639 1956 1841 1694 1386 680 1401 2031 2244 2576 2367 2269 1996 1239 1803 2382 2516 2981 2852 2571 2478 1752 1933 2528 2744 3116 3132 2762 2594 1887 1841 2609 2774 3013 3069 2702 2591 1949 1598 2315 2556 2867 2960 2633 2611 1829 1245 1959 2266 2497 2484 2268 2142 1372 603 1481 1847 1910 1919 1539 1394 755
121 4998 503.885
774 1339 1669 1907 1899 1709 1284 780 1370 1895 2272 2461 2441 2183 1958 1409 1718 2379 2566 2792 2796 2557 2312 1890 1922 2449 2624 2844 2992 2782 2437 2010 2001 2530 2689 2838 2943 2715 2395 1975 1860 2286 2541 2637 2834 2739 2482 1882 1424 1970 2231 2376 2433 2263 2055 1381 767 1456 1680 1854 1860 1739 1469 752
136 4967 507.673
737 1266 1737 1964 1787 1698 1437 745 1395 1950 2449 2625 2266 2298 1915 1396 1791 2214 2558 2889 2614 2758 2341 1803 2017 2484 2810 2838 2723 2815 2440 1913 1918 2460 2831 2780 2739 2920 2533 1949 1728 2339 2771 2688 2541 2713 2369 1753 1355 1889 2248 2340 2290 2442 1965 1370 746 1350 1669 1911 1866 1749 1341 711
