1 64 97.2188
250 35 40 30 25 10 5 0 220 35 35 30 30 15 10 5 185 30 25 20 20 10 5 5 150 30 25 20 25 10 10 5 115 35 30 25 35 15 10 5 75 30 25 20 30 10 10 5 45 15 15 15 25 15 15 5 25 30 30 30 30 20 15 0
16 451 337.04
1451 450 400 340 270 190 135 20 977 435 380 325 280 190 140 40 546 318 308 289 270 211 165 45 290 146 151 172 196 188 191 40 178 110 137 173 152 161 178 45 131 87 97 140 131 119 149 50 116 90 91 111 122 114 121 40 65 80 94 116 121 88 92 25
31 566 405.467
1898 840 715 625 485 355 215 45 987 439 402 372 261 192 133 50 488 199 183 194 202 154 120 60 251 127 152 176 180 151 128 55 169 96 113 145 155 144 120 65 141 91 115 151 168 145 115 70 126 72 114 140 167 141 121 55 66 70 73 97 108 96 91 35
46 571 411.278
1971 904 756 620 447 344 210 35 906 365 269 215 147 148 168 50 404 196 190 180 114 131 142 48 215 159 194 164 117 157 141 65 143 108 139 143 132 158 137 55 119 98 120 123 130 125 109 35 114 95 120 118 123 120 128 30 65 72 101 90 95 101 115 15
61 587 418.891
1988 813 603 437 340 270 220 69 838 270 217 246 187 170 179 100 386 162 128 173 154 146 176 105 235 113 112 195 149 142 146 95 172 93 107 188 150 143 154 95 138 82 91 165 106 98 124 70 117 61 70 150 108 105 120 55 70 59 71 118 85 86 88 20
76 638 406.509
1983 790 587 423 376 264 223 70 810 325 263 237 252 191 204 75 376 205 200 193 212 184 199 75 213 150 151 164 191 180 189 85 152 145 151 149 178 170 177 85 128 111 118 160 190 163 158 80 141 100 93 134 135 132 134 70 70 88 80 107 97 93 110 45
91 638 400.773
1970 746 510 378 315 226 181 50 834 358 300 216 237 160 168 65 371 198 173 145 185 144 157 95 226 169 167 144 177 141 145 85 153 125 149 138 153 123 130 65 120 108 130 122 150 118 105 65 106 99 107 110 145 112 105 60 67 104 105 98 121 102 120 30
106 679 401.773
1985 727 557 413 318 248 187 70 795 340 375 283 283 242 160 105 359 221 250 162 188 192 118 100 228 170 229 148 156 193 118 90 195 148 173 127 139 180 104 90 152 151 155 111 145 177 116 105 136 137 134 88 110 118 80 75 80 107 115 84 101 118 99 45
121 656 384.996
1990 648 480 370 273 192 167 50 816 268 236 216 189 151 157 85 401 178 156 205 180 146 165 95 240 127 122 176 167 121 160 105 165 90 112 175 172 132 172 90 131 88 128 175 169 125 154 95 105 70 96 160 152 119 133 60 60 65 96 118 115 98 85 25
136 706 383.189
1984 678 535 417 286 209 206 40 816 345 358 319 270 214 219 80 401 212 229 209 181 158 166 95 249 148 202 169 169 168 171 100 185 117 168 152 194 183 162 70 158 101 153 134 156 168 132 55 138 82 137 132 128 137 101 35 90 89 119 101 120 133 103 25
