1 64 45.0
10 20 30 40 40 30 20 10 20 30 40 50 50 40 30 20 30 40 50 60 60 50 40 30 40 50 60 70 70 60 50 40 40 50 60 70 70 60 50 40 30 40 50 60 60 50 40 30 20 30 40 50 50 40 30 20 10 20 30 40 40 30 20 10
16 1024 267.454
160 320 480 640 640 480 320 160 320 480 640 800 800 640 480 320 480 640 800 960 960 800 640 480 640 800 960 1120 1120 960 800 640 640 800 960 1120 1120 960 800 640 480 640 800 960 960 800 640 480 320 480 640 800 800 640 480 320 160 320 480 640 640 480 320 160
31 1941 515.85
310 620 930 1240 1240 930 620 310 588 930 1240 1550 1550 1240 930 567 891 1240 1550 1860 1860 1550 1240 883 1189 1550 1860 2170 2170 1860 1550 1200 1188 1541 1860 2170 2170 1860 1550 1215 876 1223 1550 1860 1860 1550 1240 909 599 930 1240 1550 1550 1240 930 595 310 620 930 1240 1240 930 620 310
46 1877 544.122
178 482 899 1417 1417 935 507 189 295 547 1012 1622 1625 1037 538 300 460 794 1554 2335 2336 1568 806 490 680 1127 2101 2950 2950 2126 1147 739 680 1119 2118 2958 2961 2126 1180 764 460 829 1554 2335 2335 1555 838 510 290 557 1055 1640 1643 1034 585 324 172 496 977 1500 1500 968 557 200
61 1731 519.723
115 293 565 1019 1015 534 293 85 234 395 806 1374 1364 738 395 175 418 652 1319 2221 2219 1230 665 331 585 852 1836 2921 2915 1671 905 526 578 837 1837 2938 2936 1645 879 530 405 665 1342 2258 2248 1225 660 335 225 428 830 1394 1381 735 416 180 110 297 588 1068 1061 548 282 90
76 1661 499.745
135 369 610 1125 1105 628 338 140 235 390 678 1225 1222 640 342 200 400 638 1190 2058 2084 1117 576 318 560 820 1607 2811 2831 1542 796 463 560 810 1573 2739 2745 1483 782 463 400 642 1203 2088 2103 1122 572 315 235 433 764 1385 1370 733 387 195 135 323 566 1088 1065 589 311 136
91 1623 503.949
85 300 514 970 968 537 295 120 189 375 655 1256 1261 697 373 190 325 593 1070 2045 2030 1117 584 321 468 795 1459 2733 2744 1531 778 475 465 782 1477 2820 2820 1537 772 470 313 594 1081 2008 2004 1102 565 320 175 375 666 1255 1264 711 373 185 85 316 552 1038 1042 573 307 120
106 1633 500.368
75 299 522 994 1013 563 313 130 150 336 604 1201 1256 709 388 220 305 610 1066 2075 2091 1209 640 370 455 787 1442 2783 2774 1581 807 535 460 778 1450 2802 2798 1593 796 535 310 546 1022 2010 2034 1165 588 370 155 375 668 1281 1346 775 416 216 75 303 525 1016 1046 565 303 125
121 1631 499.637
75 304 555 1048 1069 610 315 140 165 357 656 1241 1266 728 363 210 303 571 1061 2047 2062 1196 593 345 447 768 1468 2801 2791 1627 790 526 445 757 1458 2799 2797 1622 784 525 300 532 1029 1997 2008 1151 544 340 160 365 688 1299 1316 745 368 205 75 280 514 1002 1018 556 283 135
136 1627 499.147
75 292 543 1050 1061 598 315 145 155 327 621 1221 1254 723 363 210 280 542 1036 2018 2029 1193 590 345 425 750 1458 2790 2793 1620 782 520 433 751 1466 2795 2792 1619 779 520 285 522 1018 2001 2010 1160 563 345 155 360 679 1279 1312 747 380 210 75 283 526 1009 1026 558 297 145
