1 16 21.8125
10 25 15 5 10 30 25 10 10 25 25 15 5 15 10 10
26 416 113.186
225 355 320 220 345 485 540 380 315 500 535 380 190 370 375 205
51 816 188.277
395 730 630 360 635 995 930 690 645 980 925 670 375 645 630 415
76 1216 281.501
655 985 1025 635 1055 1345 1420 1020 1020 1395 1500 990 595 1030 1060 525
101 1616 358.031
840 1430 1240 765 1345 2010 1785 1375 1285 2000 1810 1355 710 1450 1265 785
126 2016 434.966
955 1655 1810 1050 1620 2165 2355 1820 1770 2270 2395 1725 1020 1540 1700 1020
151 2302 502.402
1110 2020 2006 1108 1890 2825 2896 1875 1811 2716 2828 1828 1115 1983 2135 1147
176 2427 510.185
1133 2192 2128 1204 1960 2934 2817 1933 1886 3050 2866 1967 1076 2136 2039 1224
201 2408 509.689
1142 2145 2146 1269 2033 2882 2842 2104 2018 2948 2865 2135 1268 2108 2142 1275
226 2411 512.76
1310 2154 2161 1198 2120 2859 2829 2048 2024 2824 2719 2089 1225 2200 2131 1228
