1 16 19.0625
15 15 10 5 15 15 15 10 10 15 15 15 5 10 15 15
26 416 152.481
390 390 260 130 390 390 390 260 260 390 390 390 130 260 390 390
51 816 282.73
765 765 510 255 765 765 765 510 510 765 765 765 255 510 765 765
76 1099 382.458
996 1027 744 288 980 1140 1140 670 689 1140 1140 982 305 724 1027 996
101 1155 398.119
996 1038 748 212 981 1372 1325 709 751 1309 1295 982 261 659 1034 996
126 1166 406.07
996 1121 695 217 983 1414 1372 702 743 1349 1319 982 239 590 1169 996
151 1173 409.454
996 1150 692 224 982 1403 1431 730 742 1361 1349 984 250 598 1161 996
176 1173 409.391
996 1163 703 225 982 1410 1437 725 756 1367 1359 980 266 599 1177 996
201 1175 410.3
996 1148 702 223 982 1416 1433 723 760 1378 1369 980 257 616 1170 996
226 1175 410.3
996 1148 702 223 982 1416 1433 723 760 1378 1369 980 257 616 1170 996
