1 16 27.0625
65 10 5 0 50 10 5 0 35 10 10 0 15 10 5 0
26 373 373.789
1331 270 160 40 982 300 185 75 683 315 215 80 266 226 165 45
51 471 364.364
1574 490 310 65 953 427 296 110 432 230 184 95 163 190 138 50
76 566 426.771
1965 830 510 65 872 350 348 90 421 202 291 85 165 151 173 40
101 593 421.486
1970 760 565 110 797 358 260 145 367 250 180 125 130 135 111 75
126 629 415.183
1984 703 493 120 825 347 319 155 376 222 206 125 122 142 133 90
151 657 416.369
1980 736 516 150 842 412 350 145 391 222 198 105 163 140 110 45
176 674 403.193
1980 751 531 100 831 360 327 130 439 217 247 120 168 140 145 30
201 715 409.682
1986 772 562 131 845 426 364 130 403 309 270 105 185 183 163 60
226 722 406.745
1983 760 518 120 885 406 349 150 416 227 246 130 178 147 157 45
